x y z
0.149646 0.011883 0.059009
0.135254 0.053484 0.077005
0.105732 0.009671 0.113048
0.130236 -0.021067 0.106238
0.137034 -0.006490 0.067221
0.060947 0.018475 0.091312
0.144051 0.032368 0.053352
0.138744 0.054440 0.086865
0.106131 0.043144 0.063373
0.150867 0.017939 0.110755
0.049073 0.031846 0.085831
0.085287 0.052187 0.049664
0.145741 0.008279 0.110888
0.077683 -0.009208 0.124809
0.128362 0.028231 0.115526
0.148704 0.037894 0.072292
0.021606 0.002374 0.066141
0.103872 0.043770 0.058117
0.093890 -0.002541 0.136595
0.138767 -0.042381 0.134504
0.084891 0.047697 0.054709
0.100590 0.044614 0.048631
0.151944 0.023970 0.103888
0.060035 -0.027521 0.056974
0.121607 0.010102 0.116041
0.065822 0.057815 0.051834
0.115460 0.007688 0.120028
0.046694 0.054802 0.042402
0.027633 -0.012257 0.059279
0.086199 -0.009685 0.133209
0.025324 -0.008012 0.064192
0.073386 -0.018957 0.069853
0.111441 0.011175 0.117670
0.132510 -0.012730 0.059378
0.073062 0.058843 0.044144
0.136476 -0.039514 0.134591
0.152877 0.032941 0.087807
0.130630 -0.047664 0.117291
0.026678 0.036288 0.061569
0.124367 0.025010 0.115919
0.136635 0.016304 0.027877
0.100059 -0.011611 0.022526
0.097324 -0.001910 0.085892
0.117584 -0.019196 0.041340
0.108851 -0.000063 0.106807
0.069505 0.045010 0.067321
0.134080 -0.051672 0.140418
0.126055 0.045839 0.091010
0.052381 -0.020248 0.061411
0.140271 0.032503 0.112814
0.109798 -0.010595 0.023143
0.039674 0.048562 0.055658
0.118435 0.046622 0.051713
0.074535 -0.011545 0.125504
0.150022 0.013191 0.049676
0.053094 0.057538 0.045728
0.093032 -0.002942 0.130286
0.128135 -0.007001 0.101469
0.136792 -0.013172 0.109581
0.147496 0.003414 0.047178
0.003163 0.004995 0.018095
0.126043 -0.057165 0.124286
0.059410 0.058775 0.042430
0.132309 -0.001054 0.117778
0.090336 -0.026388 0.026200
0.126364 -0.058317 0.132072
0.141895 -0.003784 0.062938
0.148801 0.004151 0.091455
0.144805 0.030389 0.046993
0.077760 0.039998 0.074803
0.131716 -0.044233 0.114205
0.136368 0.000026 0.030974
0.138237 0.027826 0.032751
0.105507 0.025240 0.085429
0.033463 0.002515 0.080489
0.141990 -0.003287 0.081649
0.010791 0.023576 0.031342
0.119378 0.001404 0.019861
0.138425 -0.003537 0.070274
0.016969 0.019506 0.056149
0.135805 -0.021961 0.112300
0.092806 0.012556 0.086611
0.101432 -0.009342 0.119215
0.063890 -0.018166 0.072503
0.105309 0.022249 0.087161
0.015863 0.004292 0.051711
0.023306 0.035246 0.019982
0.130378 0.032916 0.114112
0.122814 -0.053187 0.132138
0.092114 0.002790 0.085286
0.092369 0.039713 0.068960
0.138579 -0.005046 0.036737
0.090258 -0.024245 0.052242
0.086831 0.044027 0.063484
0.024883 -0.009515 0.018864
0.095588 -0.016421 0.030269
0.027447 0.039530 0.017816
0.002163 0.012972 0.030399
0.138715 -0.025264 0.125025
0.065157 -0.035880 0.041731
0.076031 -0.023473 0.146005
0.072178 0.051364 0.058376
0.091400 -0.031474 0.039070
0.090434 0.025954 0.082249
0.043381 -0.009360 0.079695
0.117696 0.001349 0.116200
0.147726 0.042987 0.072390
0.074731 -0.018810 0.126529
0.124560 0.003256 0.021275
0.076817 0.054753 0.025068
0.081851 -0.004572 0.083301
0.069429 -0.032220 0.016886
0.095767 -0.017837 0.068607
0.049197 -0.030009 0.037904
0.155010 0.021686 0.086336
0.123797 -0.059826 0.131577
0.108265 0.019122 0.094730
0.138135 0.040770 0.108863
0.089220 0.047169 0.049370
0.061344 0.056238 0.054641
0.083535 -0.021034 0.065985
0.097798 0.044972 0.047377
0.146793 0.015950 0.040097
0.112064 -0.012153 0.029129
0.132037 -0.054655 0.139193
0.135620 -0.033464 0.132188
0.132526 -0.041443 0.113599
0.132469 0.045045 0.105153
0.073028 0.058535 0.037274
0.143395 0.037348 0.070448
0.069823 -0.026315 0.136182
0.085926 -0.024805 0.055257
0.079295 -0.031632 0.016357
0.095869 -0.004233 0.136512
0.067655 0.041000 0.076698
0.137400 -0.016327 0.115375
0.123353 -0.033317 0.123484
0.125624 0.006750 0.020867
0.065739 0.059737 0.037914
0.124775 0.040609 0.102570
0.109704 0.008502 0.098503
0.088851 -0.023836 0.018073
0.098413 -0.002576 0.134583
0.097128 -0.017409 0.036102
0.145009 0.024792 0.041384
0.114480 -0.016342 0.035126
0.113684 0.001584 0.123007
0.152847 0.033831 0.078277
0.066015 0.055724 0.055821
0.116884 -0.019599 0.057324
0.042286 -0.020016 0.061638
0.147721 0.043840 0.098270
0.081270 0.034763 0.079526
0.140087 0.053494 0.091952
0.058744 -0.018443 0.071295
0.059527 0.036789 0.082515
0.056139 -0.032802 0.032874
0.137787 -0.009461 0.058443
0.130803 -0.008360 0.121288
0.067729 0.018604 0.090535
0.084719 -0.022351 0.061527
0.080994 -0.014387 0.146300
0.111970 0.035423 0.081324
0.146731 0.028541 0.056850
0.080440 0.054729 0.052608
0.122550 -0.054180 0.126789
0.098581 0.043458 0.033329
0.119272 -0.006044 0.085725
0.077677 0.056565 0.032958
0.123319 0.043598 0.088396
0.146652 0.004023 0.061801
0.001808 0.019089 0.029456
0.086093 -0.008330 0.138269
0.059043 -0.015888 0.076706
0.093377 0.024978 0.083350
0.129682 -0.007022 0.080256
0.148387 0.040470 0.100494
0.105159 -0.014935 0.073690
0.018913 0.004605 0.062366
0.128974 0.004290 0.115605
0.129519 -0.043237 0.134633
0.120864 0.042320 0.033988
0.113297 0.030783 0.095674
0.131369 -0.054350 0.136541
0.120876 0.034434 0.112965
0.147197 0.026663 0.060406
0.027757 0.043237 0.044718
0.124164 -0.059651 0.136015
0.131725 0.023460 0.116279
0.136603 -0.012223 0.110439
0.034587 0.044181 0.016881
0.141288 0.036645 0.110270
0.135057 -0.027911 0.130121
0.079283 0.058717 0.042969
0.069568 0.056928 0.053840
0.021009 -0.010113 0.048568
0.060234 0.058324 0.047478
0.145876 0.046835 0.073675
0.087179 -0.026298 0.016364
0.118875 -0.001445 0.103174
0.078023 0.057619 0.037410
0.116836 0.001468 0.118347
0.121416 0.046671 0.051587
0.042978 0.002102 0.086630
0.133057 -0.005284 0.119838
0.151749 0.022813 0.108997
0.129143 -0.051601 0.117913
0.072069 -0.026848 0.135369
0.051236 0.028261 0.088553
0.042385 0.030440 0.084033
0.147165 0.017818 0.042626
0.149174 0.005521 0.093736
0.071702 -0.015413 0.127362
0.090932 -0.029400 0.032509
0.074622 0.003125 0.087965
0.122530 -0.025986 0.119507
0.132537 -0.041449 0.112978
0.134753 -0.038696 0.134765
0.138164 -0.025200 0.126103
0.135870 -0.006392 0.118932
0.081909 0.057576 0.042463
0.077040 -0.021012 0.146620
0.008409 0.030501 0.018108
0.125869 -0.055036 0.139523
0.037787 -0.024818 0.031068
0.128118 -0.054271 0.123493
0.073889 -0.017170 0.131619
0.094807 -0.020811 0.061138
0.095176 -0.010931 0.119547
0.048538 -0.029027 0.025268
0.131225 0.021241 0.023719
0.122323 0.037310 0.099777
0.091311 -0.007816 0.116099
0.069594 0.057012 0.026906
0.055238 -0.012413 0.080553
0.086728 0.006463 0.085797
0.127060 0.036338 0.112609
0.113482 0.038861 0.028179
0.150066 0.029896 0.106994
0.135462 0.023564 0.028666
0.061099 -0.034707 0.042009
0.046850 -0.018768 0.064191
0.095021 -0.002530 0.112460
0.128929 0.027865 0.025580
0.129445 -0.051119 0.117905
0.134846 -0.005379 0.073096
0.106713 0.001829 0.128532
0.104777 0.015314 0.089884
0.125386 -0.045802 0.116809
0.098127 0.011274 0.088116
0.077532 -0.037228 0.039230
0.048531 -0.014881 0.075222
0.086677 0.042303 0.025455
0.064055 0.045480 0.065808
0.084766 -0.002786 0.121984
0.135538 -0.025103 0.109949
0.025519 0.038788 0.021101
0.104309 0.044059 0.035680
0.080561 -0.027842 0.055736
0.144513 -0.003278 0.052603
0.056535 0.055192 0.054309
0.125181 0.020590 0.116279
0.052754 -0.016664 0.074596
0.025642 0.040030 0.031623
0.081884 -0.036774 0.032869
0.085666 -0.029029 0.019118
0.093660 -0.001109 0.132777
0.023283 0.020501 0.070115
0.110426 0.005819 0.123975
0.045255 0.055038 0.038892
0.039679 0.045384 0.062606
0.107233 0.027514 0.086177
0.135354 -0.024061 0.112832
0.135039 -0.013198 0.048272
0.018970 -0.006525 0.044012
0.128688 -0.006618 0.095914
0.130865 -0.054941 0.141134
0.133842 -0.033904 0.113274
0.092642 0.021291 0.085125
0.074332 0.038135 0.079312
0.133551 -0.026203 0.130070
0.151978 0.018794 0.108554
0.023353 -0.010918 0.034856
0.055435 0.057296 0.025903
0.145150 -0.000865 0.046345
0.008336 0.002509 0.027326
0.060401 0.058846 0.032861
0.042767 0.047114 0.062241
0.148859 0.010314 0.046759
0.140790 0.049171 0.099284
0.098959 0.033234 0.077659
0.123540 0.010466 0.019583
0.059998 0.057978 0.027486
0.150245 0.016882 0.054021
0.134828 -0.021612 0.108883
0.152068 0.020725 0.107542
0.128957 -0.057087 0.140362
0.089035 -0.033797 0.038225
0.027419 0.041564 0.031808
0.053657 0.056656 0.023091
0.147197 0.002907 0.050039
0.037476 0.043248 0.063338
0.040792 -0.020369 0.059623
0.082634 -0.023197 0.057664
0.100994 0.004272 0.122511
0.079591 -0.018708 0.146879
0.122678 -0.056042 0.134350
0.144127 0.032282 0.071056
0.044562 -0.021428 0.058259
0.035817 -0.023332 0.038193
0.046596 -0.028601 0.025666
0.023830 0.012169 0.071623
0.125426 0.039175 0.109767
0.070481 -0.024176 0.136118
0.152477 0.042211 0.077032
0.078498 -0.016702 0.143889
0.129451 0.044460 0.047296
0.124500 -0.058851 0.127444
0.137014 0.020500 0.028935
0.069616 -0.021974 0.063445
0.113746 -0.009618 0.026368
0.005052 0.001965 0.022821
0.095802 0.015356 0.087174
0.116739 0.033072 0.023949
0.100646 0.042456 0.021342
0.056600 -0.030157 0.019171
0.138700 -0.029955 0.123703
0.137714 -0.004212 0.113296
0.095488 -0.001532 0.135405
0.145157 0.006683 0.108058
0.087705 0.051019 0.043366
0.140229 0.037889 0.069307
0.050819 0.056142 0.048724
0.128418 -0.053377 0.119545
0.136127 -0.020622 0.126136
0.146829 0.036750 0.106257
0.125012 0.040852 0.099373
0.121153 0.031098 0.024063
0.124632 0.013400 0.116061
0.126931 -0.006718 0.117297
0.129035 -0.007253 0.083468
0.134113 -0.052461 0.140471
0.070595 -0.034828 0.026875
0.021830 0.034131 0.053964
0.112864 0.005623 0.122745
0.062684 -0.022377 0.060229
0.054201 0.048274 0.060681
0.126720 -0.057246 0.126323
0.114525 -0.005156 0.017770
0.135051 -0.023337 0.128145
0.075720 0.048088 0.059122
0.041263 0.049708 0.018338
0.124640 -0.059519 0.135949
0.068256 0.045473 0.062491
0.054518 0.034758 0.084408
0.083896 -0.036760 0.035978
0.122939 0.028974 0.115004
0.136203 0.004014 0.114938
0.054554 -0.030537 0.023358
0.148774 0.014046 0.070966
0.134576 -0.013868 0.123773
0.139812 -0.037609 0.129482
0.134798 0.050509 0.098067
0.092711 -0.024655 0.031539
0.107116 0.009084 0.119586
0.135228 0.028729 0.030131
0.081009 -0.014061 0.145976
0.072111 -0.022818 0.060032
0.133480 -0.001323 0.117930
0.097809 -0.020760 0.044416
0.090279 0.044607 0.060973
0.151596 0.031977 0.076189
0.026808 0.029320 0.071448
0.136236 -0.019567 0.110125
0.117439 -0.004160 0.092573
0.153786 0.022331 0.090549
0.137316 -0.049708 0.138418
0.135353 0.019994 0.027004
0.107254 0.003503 0.090209
0.139450 -0.043532 0.133435
0.100637 -0.019649 0.043983
0.000436 0.018090 0.026010
0.074385 0.058408 0.038428
0.141536 0.007017 0.113261
0.107772 0.044256 0.036937
0.138709 -0.047122 0.136195
0.132411 0.048935 0.072344
0.118466 0.043351 0.062826
0.015235 0.005337 0.045862
0.030922 -0.019149 0.030734
0.055340 0.056784 0.050038
0.041868 0.050734 0.048883
0.152293 0.018881 0.103123
0.123035 0.018431 0.019471
0.112499 0.046724 0.047627
0.126737 -0.056263 0.122617
0.153741 0.019593 0.076681
0.149870 0.032749 0.104282
0.148638 0.007394 0.051663
0.094431 0.045120 0.048704
0.045707 -0.020269 0.062052
0.026466 0.026448 0.072959
0.050089 0.053744 0.017235
0.111117 0.013661 0.111449
0.076685 -0.008284 0.122977
0.129941 -0.020800 0.127019
0.067814 -0.013895 0.077583
0.126341 -0.058710 0.134816
0.092110 -0.004463 0.127317
0.067285 0.045383 0.065324
0.117705 -0.015692 0.070113
0.077700 0.051642 0.015608
0.017218 -0.001101 0.034194
0.135463 0.048676 0.072016
0.042736 0.024998 0.086632
0.147676 0.010215 0.108515
0.114693 -0.001223 0.114484
0.121115 0.015208 0.018530
0.151231 0.033465 0.092293
0.137335 -0.018053 0.116243
0.027869 0.043563 0.048209
0.124330 0.003015 0.114087
0.075488 0.057772 0.050493
0.071702 0.054246 0.016458
0.113060 0.028208 0.017808
0.035281 0.046048 0.021424
0.135310 -0.027138 0.111805
0.010909 0.011045 0.033104
0.076341 -0.037005 0.032555
0.022497 -0.010815 0.039311
0.027867 -0.016188 0.051234
0.037897 -0.023767 0.016409
0.125838 -0.032692 0.127827
0.104261 0.007128 0.118006
0.145849 0.027039 0.045134
0.086880 -0.016951 0.136869
0.084809 0.043832 0.020716
0.134483 -0.010047 0.121669
0.112021 0.033090 0.090737
0.012052 0.027034 0.028349
0.120379 -0.015164 0.033548
0.131901 0.041417 0.041540
0.068576 -0.017061 0.073676
0.088017 -0.007469 0.128498
0.095989 -0.007930 0.136540
0.147976 0.007299 0.098529
0.150450 0.040142 0.073715
0.053041 -0.031125 0.046825
0.118701 0.033016 0.112260
0.113672 0.040251 0.068850
0.108385 -0.018837 0.064995
0.031885 -0.018737 0.022631
0.072051 0.055925 0.020723
0.108021 0.045092 0.041502
0.056995 0.009072 0.091479
0.151308 0.017143 0.097280
0.091007 -0.015350 0.129922
0.130743 -0.047354 0.114807
0.121109 0.043701 0.084095
0.001340 0.008522 0.019270
0.075665 -0.023922 0.145659
0.052397 0.054170 0.015984
0.151224 0.027067 0.101510
0.136167 -0.050849 0.139647
0.094255 -0.019955 0.031505
0.127814 0.036840 0.030810
0.058696 -0.024193 0.058514
0.081158 -0.021063 0.138246
0.024355 0.038628 0.029344
0.044197 0.038571 0.075099
0.153301 0.027117 0.090137
0.031782 0.045530 0.046694
0.081509 -0.036746 0.044959
0.151629 0.022904 0.100728
0.080093 -0.020756 0.133298
0.119861 0.024654 0.115200
0.005883 0.028048 0.017451
0.085863 0.035722 0.075958
0.137982 0.052308 0.095246
0.095227 0.032280 0.078631
0.131078 -0.046337 0.114823
0.131841 -0.011346 0.035798
0.132811 -0.003171 0.118756
0.121048 0.035925 0.027093
0.085399 0.051427 0.036611
0.046855 -0.027726 0.049968
0.136108 -0.020977 0.111301
0.063965 -0.018294 0.072328
0.088563 0.023983 0.083089
0.149808 0.039645 0.098019
0.115514 0.030460 0.022069
0.042536 0.053691 0.040600
0.039767 0.035734 0.077981
0.108699 -0.001304 0.127504
0.091738 -0.002865 0.134301
0.072456 -0.019797 0.134531
0.006379 0.000474 0.016982
0.142560 0.025252 0.037347
0.146920 0.048056 0.075852
0.106678 0.041185 0.026350
0.139351 -0.041134 0.133204
0.134091 -0.014116 0.106102
0.136937 -0.018515 0.116068
0.035965 -0.020629 0.052304
0.128490 0.052878 0.078021
0.019137 0.031522 0.036534
0.137902 -0.011836 0.116556
0.107369 -0.018707 0.041177
0.076040 0.056062 0.029435
0.045758 -0.027614 0.022395
0.121959 0.044377 0.080663
0.119802 -0.018922 0.045439
0.111314 0.046712 0.045555
0.147800 0.049289 0.082058
0.142344 0.001580 0.104325
0.106494 0.044103 0.058539
0.135911 -0.036942 0.133416
0.052274 -0.028441 0.053472
0.124971 0.000063 0.113052
0.149711 0.046941 0.077766
0.083406 -0.035174 0.048225
0.048822 0.016483 0.090503
0.073255 -0.026233 0.143429
0.145097 0.005204 0.040555
0.133919 -0.047194 0.138950
0.139124 0.040275 0.069276
0.042355 0.049760 0.016465
0.099791 -0.007134 0.114792
0.079451 -0.035976 0.048566
0.133804 0.039339 0.110575
0.135066 -0.018525 0.108730
0.073310 0.045118 0.064046
0.133902 -0.034634 0.112154
0.133894 -0.053025 0.138567
0.000184 0.014116 0.025818
0.145899 0.001692 0.094281
0.001291 0.009505 0.026978
0.131857 -0.006620 0.100929
0.148460 0.004774 0.075986
0.072581 -0.022335 0.062652
0.056907 -0.027662 0.056111
0.078995 -0.009689 0.079802
0.090844 -0.005429 0.139579
0.120638 0.045519 0.043391
0.100159 -0.004111 0.111504
0.139071 0.053090 0.081852
0.109571 0.011097 0.107249
0.132416 -0.041717 0.112741
0.077903 -0.024614 0.057694
0.064462 -0.019271 0.070975
0.084065 -0.010838 0.144393
0.150240 0.013186 0.108160
0.124033 0.047076 0.084720
0.134737 0.052346 0.074796
0.125909 0.041467 0.105916
0.120806 0.040075 0.068733
0.139038 -0.031350 0.128054
0.000931 0.019187 0.027338
0.123967 -0.025452 0.123192
0.102741 0.007331 0.111844
0.124901 -0.006946 0.103239
0.077814 0.058892 0.042235
0.140380 0.052262 0.095073
0.010081 0.014816 0.033475
0.125834 0.046855 0.075837
0.052554 -0.030198 0.050574
0.025872 -0.016104 0.042838
0.029053 -0.018142 0.045303
0.070955 -0.017154 0.127830
0.111565 -0.003232 0.118089
0.150095 0.042300 0.093500
0.101467 -0.001048 0.132368
0.144449 0.027699 0.066703
0.067990 -0.021217 0.065882
0.146501 0.041762 0.102436
0.137043 -0.027959 0.121376
0.018176 -0.004053 0.040508
0.134854 0.038569 0.065960
0.134716 -0.006666 0.085640
0.091139 -0.009034 0.139982
0.067717 0.043723 0.071510
0.074200 0.057916 0.035399
0.133264 -0.037552 0.110936
0.086056 -0.008911 0.143029
0.139483 -0.033336 0.128187
0.126872 -0.018598 0.124064
0.083701 0.056333 0.044676
0.043375 0.033596 0.081887
0.111962 -0.020320 0.049239
0.014769 0.010159 0.045539
0.126571 0.044521 0.095841
0.044690 0.015672 0.088975
0.124385 0.039827 0.106906
0.015723 0.030512 0.023120
0.134551 -0.005243 0.119043
0.085025 -0.007538 0.117637
0.149780 0.008155 0.074292
0.089547 -0.006161 0.140592
0.057247 0.050579 0.059345
0.113575 -0.014686 0.032596
0.037539 -0.024086 0.025393
0.128624 -0.018160 0.105549
0.133916 -0.030448 0.131557
0.080575 -0.017959 0.128186
0.073951 -0.024137 0.132541
0.134892 -0.023623 0.115277
0.136221 0.054423 0.082079
0.062122 0.059361 0.039274
0.015114 0.020970 0.041931
0.119914 0.032152 0.113397
0.129103 -0.032013 0.108761
0.122327 0.000054 0.021539
0.026378 -0.005019 0.068792
0.071799 0.044204 0.069470
0.124188 -0.005795 0.101904
0.056780 0.058422 0.045463
0.011186 -0.003127 0.017445
0.089090 -0.007251 0.131707
0.034849 0.011950 0.083397
0.055941 0.030958 0.087354
0.104049 0.044184 0.051900
0.116061 0.028069 0.112115
0.133281 -0.035564 0.114874
0.020737 -0.007106 0.027131
0.128388 0.045235 0.101926
0.058339 0.055555 0.016015
0.114427 -0.003175 0.090491
0.060692 -0.022031 0.060532
0.073910 -0.011803 0.124775
0.137668 -0.007374 0.113562
0.072357 0.007828 0.089370
0.089696 0.032025 0.078554
0.105127 0.007103 0.122954
0.096030 -0.000676 0.125992
0.075467 0.023753 0.087901
0.135609 -0.024710 0.111808
0.127033 -0.049737 0.136726
0.126285 -0.012825 0.033114
0.133765 0.054527 0.078769
0.113028 -0.000543 0.122531
0.140605 -0.001351 0.101796
0.111966 0.018636 0.103063
0.111614 0.034587 0.086227
0.094210 0.002800 0.120081
0.151527 0.008705 0.077214
0.148573 0.016324 0.064584
0.117015 0.046003 0.041324
0.128223 0.000750 0.023454
0.083974 -0.031742 0.052362
0.137595 0.046659 0.103478
0.073237 0.058894 0.040443
0.039508 0.047423 0.059227
0.101265 0.006142 0.117854
0.111150 0.046466 0.049728
0.139013 0.030603 0.035583
0.120425 -0.004698 0.096824
0.133600 -0.007204 0.103333
0.028213 0.038583 0.060632
0.023836 -0.013874 0.041497
0.134288 -0.034311 0.132931
0.117824 0.040214 0.030650
0.142589 0.048534 0.098628
0.109893 0.033214 0.078434
0.129144 -0.008822 0.102484
0.075573 -0.016797 0.133161
0.118281 -0.012566 0.075457
0.132467 0.002383 0.116158
0.143665 0.050197 0.077692
0.003408 0.003583 0.020785
0.112994 0.035816 0.024714
0.012562 0.025636 0.029642
0.045090 0.052031 0.051683
0.072479 -0.025913 0.142909
0.057917 -0.018241 0.072968
0.053129 -0.024537 0.056962
0.133443 -0.021517 0.128022
0.044207 -0.023281 0.053863
0.136887 -0.032483 0.130765
0.107882 -0.020385 0.057643
0.136911 -0.050110 0.138851
0.123792 -0.006072 0.094876
0.105794 -0.015614 0.032266
0.141974 0.032726 0.041172
0.080966 -0.014951 0.146382
0.145258 0.026271 0.069514
0.078747 0.053644 0.026442
0.133780 0.020274 0.025359
0.139338 -0.044779 0.134477
0.134059 0.008763 0.115615
0.141979 -0.004375 0.043480
0.091859 0.046085 0.056551
0.062020 -0.015638 0.076326
0.113109 -0.019559 0.041628
0.027265 0.003040 0.074484
0.035700 0.049517 0.038129
0.111065 0.022016 0.098363
0.111742 -0.000175 0.124476
0.151360 0.015848 0.105912
0.075435 -0.021264 0.130006
0.108479 0.045913 0.044125
0.050423 -0.028752 0.021208
0.086593 -0.000246 0.120591
0.096952 0.045586 0.052323
0.127941 -0.012379 0.066455
0.152955 0.026582 0.077978
0.115987 0.044430 0.037239
0.053026 -0.014624 0.077703
0.138129 -0.028519 0.128131
0.107760 -0.017339 0.068462
0.088846 -0.005839 0.115769
0.133748 0.042361 0.051449
0.061187 -0.031127 0.054043
0.099723 0.017221 0.087692
0.019882 0.031620 0.025362
0.124803 0.022812 0.021362
0.000739 0.015086 0.028468
0.084312 -0.016502 0.142787
0.147891 0.027101 0.072734
0.104069 -0.019512 0.063227
0.073030 -0.021069 0.065985
0.050192 -0.028386 0.016460
0.132447 -0.009426 0.067734
0.103708 0.003630 0.128644
0.082260 0.019215 0.086660
0.116585 0.038218 0.027805
0.055845 -0.018552 0.069716
0.077637 0.054399 0.025395
0.083437 -0.006329 0.124224
0.054186 0.055917 0.019986
0.087447 -0.035230 0.039726
0.110330 0.011633 0.104283
0.066699 0.032427 0.086145
0.112022 -0.000998 0.108653
0.066600 0.058924 0.043127
0.153091 0.038927 0.077719
0.133725 -0.036487 0.111373
0.000499 0.017198 0.020420
0.072535 0.059058 0.041609
0.088573 -0.032186 0.031410
0.128614 -0.011772 0.121970
0.137234 0.052848 0.076675
0.124277 -0.053821 0.136601
0.036774 0.027092 0.082854
0.138530 -0.046332 0.136188
0.150734 0.020527 0.073403
0.028734 -0.001242 0.074514
0.004636 0.027536 0.023116
0.088839 -0.006633 0.141081
0.138044 -0.017036 0.121328
0.097296 0.000585 0.124516
0.038413 0.003380 0.084456
0.096008 0.026816 0.083145
0.085922 -0.012290 0.143313
0.072844 -0.035427 0.049834
0.095622 -0.012742 0.124310
0.100076 0.043202 0.027396
0.113022 -0.020014 0.060054
0.132323 -0.012341 0.123516
0.087533 0.019394 0.085139
0.149406 0.003576 0.085287
0.122810 -0.022858 0.113994
0.120592 0.015265 0.115936
0.122443 0.039706 0.031355
0.151715 0.027660 0.093255
0.127963 -0.000599 0.115352
0.130798 0.054333 0.080256
0.068699 0.059205 0.042721
0.089509 -0.016629 0.071054
0.050353 -0.011282 0.081111
0.076799 -0.033237 0.018571
0.097187 0.023614 0.085120
0.075693 0.044906 0.063221
0.000304 0.012782 0.020253
0.136656 -0.020183 0.116781
0.029676 0.044613 0.037888
0.062080 -0.031054 0.017254
0.090876 -0.001856 0.122871
0.033426 0.043476 0.059170
0.007793 0.026872 0.028373
0.115493 -0.000869 0.099006
0.064157 -0.030385 0.055645
0.132389 -0.007225 0.120907
0.003305 0.025523 0.025017
0.062033 -0.020748 0.065448
0.109816 0.025095 0.094461
0.114947 -0.000052 0.118867
0.118287 0.027783 0.114191
0.132002 -0.045712 0.137454
0.007686 -0.001417 0.019162
0.138007 -0.018088 0.117040
0.107780 0.007934 0.122293
0.040895 0.033602 0.081012
0.056194 0.023435 0.090645
0.110271 -0.010957 0.080614
0.078248 0.058211 0.039885
0.104014 -0.020334 0.047236
0.114380 0.026254 0.105900
0.124360 0.042126 0.092862
0.143456 0.042098 0.104745
0.135449 0.006832 0.026979
0.031292 0.026554 0.078627
0.103830 -0.005371 0.130556
0.070691 0.057878 0.051328
0.047796 0.055303 0.032696
0.056169 -0.002738 0.087889
0.125210 -0.059048 0.131393
0.089869 0.046772 0.044468
0.079691 0.044780 0.063617
0.134831 -0.003901 0.031864
0.069126 -0.006249 0.085523
0.063371 -0.034899 0.046024
0.099490 -0.003710 0.134311
0.123066 0.039139 0.095227
0.148992 0.002925 0.080498
0.093909 -0.009161 0.116925
0.117341 0.041235 0.066850
0.127478 -0.015003 0.104819
0.101818 0.042482 0.061459
0.118607 0.039394 0.090410
0.112927 0.023486 0.016173
0.144759 0.035224 0.109093
0.040971 -0.018099 0.063425
0.139294 -0.027869 0.124827
0.153598 0.014449 0.077896
0.131503 -0.003753 0.118859
0.067039 -0.017787 0.073183
0.117105 0.040174 0.081209
0.033335 0.022669 0.081535
0.149216 0.019171 0.062095
0.100135 -0.005795 0.085133
0.088964 -0.022412 0.058097
0.099919 -0.016730 0.035286
0.123303 -0.007680 0.080991
0.112211 0.001112 0.124369
0.070982 0.029809 0.086792
0.142457 0.017605 0.114658
0.129428 0.009002 0.115728
0.027273 0.034053 0.066045
0.084604 0.055509 0.040983
0.145017 0.051521 0.086769
0.096486 -0.006479 0.136522
0.086789 -0.007401 0.127086
0.031499 0.043710 0.023980
0.145009 0.000099 0.077695
0.147980 0.022724 0.112416
0.151941 0.017596 0.107885
0.091191 0.040834 0.027897
0.056317 0.057732 0.031813
0.095002 0.042648 0.030502
0.142268 0.012968 0.033516
0.059119 0.058019 0.024474
0.125256 -0.058380 0.127611
0.120196 -0.016591 0.064561
0.128263 -0.056829 0.140971
0.138790 -0.031333 0.128709
0.066437 0.059304 0.031889
0.068519 -0.023884 0.059571
0.112793 0.044265 0.035860
0.142237 0.003814 0.110684
0.138604 -0.002334 0.108964
0.128486 -0.054876 0.128567
0.134823 -0.018095 0.125770
0.146613 0.005516 0.099861
0.139265 -0.043007 0.133985
0.143534 -0.001420 0.091772
0.070636 -0.021537 0.133107
0.131983 -0.051101 0.132948
0.112760 0.045860 0.040907
0.056529 -0.020149 0.063588
0.138198 -0.008890 0.042385
0.047749 -0.028200 0.022247
0.064286 -0.005130 0.086728
0.046249 0.027599 0.087276
0.052202 -0.030246 0.026481
0.066492 -0.026108 0.058474
0.097110 0.044098 0.058839
0.134005 -0.005792 0.076764
0.129827 0.017180 0.021875
0.049820 0.049173 0.060206
0.088544 -0.010760 0.141668
0.119275 0.027542 0.114605
0.142776 0.053023 0.086761
0.102199 0.040191 0.068417
0.040235 -0.005247 0.080954
0.106015 0.023822 0.087196
0.044474 -0.028300 0.031623
0.046905 -0.012133 0.078755
0.109801 0.043977 0.035207
0.041103 0.013294 0.087290
0.100482 -0.009691 0.016005
0.082436 -0.003117 0.121482
0.117053 0.000096 0.114669
0.106168 0.008134 0.108413
0.116822 0.040511 0.084370
0.054198 0.043071 0.068590
0.106523 0.043022 0.031546
0.073566 -0.026818 0.142404
0.026432 -0.014758 0.030520
0.132416 -0.053785 0.141128
0.133657 -0.039623 0.124191
0.026613 -0.010328 0.062435
0.122925 -0.050510 0.125960
0.133371 -0.006511 0.091139
0.101640 0.022471 0.085706
0.116717 -0.003422 0.020396
0.134619 -0.029909 0.109990
0.137305 0.037140 0.062665
0.095186 0.044324 0.044855
0.115911 0.046246 0.050275
0.136576 0.053768 0.091280
0.061284 -0.024138 0.058976
0.100836 0.004306 0.123443
0.081327 -0.004962 0.118739
0.029811 0.030285 0.074736
0.000750 0.009124 0.021446
0.146815 0.050148 0.082272
0.017047 0.007264 0.058264
0.105937 -0.016987 0.036919
0.125795 0.015190 0.019959
0.134237 0.020172 0.025827
0.135290 -0.048683 0.139655
0.144152 0.004313 0.103431
0.015744 0.012838 0.053245
0.047494 0.047688 0.062842
0.065277 0.057482 0.023624
0.130774 0.051951 0.075061
0.118580 0.040332 0.078770
0.068226 -0.020704 0.069130
0.034757 0.048140 0.047453
0.071438 0.054913 0.056081
0.071061 -0.033071 0.053572
0.131555 0.053943 0.077381
0.144806 0.027964 0.064887
0.048918 0.055440 0.028813
0.123461 -0.059936 0.133165
0.119962 0.039580 0.076270
0.103298 -0.014498 0.028684
0.089836 0.001396 0.117384
0.074926 -0.005995 0.083614
0.018948 -0.003684 0.028611
0.084294 0.013034 0.086813
0.115440 0.031412 0.099133
0.123985 -0.059190 0.137346
0.052198 -0.031635 0.033579
0.027622 0.042961 0.042865
0.124219 -0.033742 0.114139
0.136044 -0.022457 0.117366
0.103167 0.041814 0.021110
0.135556 0.039207 0.059443
0.029184 0.044064 0.047885
0.153464 0.039520 0.083398
0.130788 0.006462 0.023291
0.138630 -0.018526 0.118866
0.111543 0.043070 0.033688
0.038865 0.050699 0.045390
0.134328 -0.032535 0.111615
0.116101 0.045623 0.039955
0.123321 -0.007343 0.109723
0.126407 -0.056926 0.124236
0.152176 0.036445 0.075724
0.067067 -0.018729 0.072119
0.152539 0.039444 0.087207
0.076437 -0.022592 0.060094
0.115431 0.037641 0.078018
0.153170 0.042915 0.079609
0.142487 0.028275 0.038473
0.046098 0.048904 0.060130
0.137620 -0.001598 0.114301
0.136098 0.025004 0.115691
0.137897 -0.044859 0.136636
0.091131 -0.030438 0.044076
0.108157 0.010018 0.094541
0.000659 0.012290 0.027504
0.128167 -0.007741 0.119335
0.139124 -0.045576 0.135061
0.040282 -0.023022 0.051166
0.098629 0.004755 0.118844
0.068880 -0.033822 0.022587
0.029662 0.022937 0.078123
0.114617 0.037707 0.086541
0.079339 -0.017624 0.146914
0.138813 -0.021718 0.120922
0.104116 0.007102 0.119923
0.101978 0.004995 0.121207
0.139610 -0.006342 0.040883
0.038217 0.048750 0.028549
0.083545 0.050828 0.053348
0.019477 0.031447 0.048848
0.064753 -0.022741 0.059886
0.095644 -0.010483 0.019335
0.114644 0.001361 0.121763
0.117663 0.009382 0.117759
0.138841 -0.003038 0.034416
0.129917 -0.003266 0.027939
0.108762 0.029917 0.087168
0.059292 0.041936 0.075709
0.023775 0.033875 0.059450
0.073266 -0.020964 0.137967
0.097681 -0.009381 0.080878
0.138608 -0.002936 0.104023
0.137528 -0.044380 0.136879
0.137344 -0.023613 0.126626
0.039714 0.039285 0.071344
0.147000 0.035532 0.071965
0.119942 -0.012055 0.029507
0.090853 -0.012210 0.077162
0.140399 0.001717 0.034109
0.064132 -0.033382 0.024897
0.112349 0.002056 0.104136
0.085591 -0.034137 0.029905
0.027754 -0.009110 0.066295
0.135713 0.043289 0.107252
0.088305 -0.019976 0.067101
0.048115 -0.029260 0.041896
0.153366 0.012050 0.085937
0.150393 0.044441 0.089640
0.147323 0.049468 0.087841
0.044585 0.044342 0.066070
0.133543 -0.011385 0.122862
0.079076 0.051275 0.056084
0.136863 0.016954 0.115880
0.001180 0.008703 0.025358
0.052452 0.051407 0.057137
0.071921 -0.036868 0.041704
0.108892 0.011220 0.115264
0.089448 -0.014641 0.125289
0.126991 -0.057005 0.126418
0.147228 0.016788 0.042301
0.104806 0.032045 0.078486
0.022951 -0.008873 0.022978
0.097244 0.037206 0.071882
0.054066 -0.029076 0.015503
0.070931 0.058623 0.046606
0.122929 -0.033928 0.118699
0.138863 -0.003957 0.078058
0.066200 -0.034179 0.028877
0.014901 0.029932 0.024312
0.137781 -0.042378 0.135580
0.136398 -0.016816 0.111746
0.122540 0.038646 0.104580
0.139653 -0.032726 0.126526
0.053456 0.002660 0.090045
0.038320 0.050771 0.034371
0.144430 0.021838 0.114068
0.038184 0.032434 0.080605
0.048294 -0.028230 0.021723
0.094054 -0.010977 0.136362
0.092370 0.018811 0.085816
0.148858 0.025241 0.054065
0.071938 -0.008535 0.082402
0.028853 0.041851 0.055847
0.106560 0.005183 0.126269
0.112342 -0.016856 0.069781
0.015543 0.008012 0.052883
0.116360 0.000031 0.106779
0.106431 0.007867 0.121793
0.019348 -0.007584 0.047802
0.040102 0.049384 0.021491
0.063432 0.058887 0.043119
0.122309 0.045789 0.054191
0.079546 0.056607 0.050176
0.148097 0.019951 0.046473
0.095853 0.019043 0.086450
0.018736 -0.004200 0.016284
0.033637 -0.020076 0.019669
0.106673 -0.004719 0.113047
0.015619 -0.001410 0.022085
0.148345 0.012143 0.064264
0.038392 0.048088 0.019581
0.086589 -0.028537 0.052817
0.134176 -0.026466 0.108835
0.129907 -0.049564 0.115826
0.136277 0.040633 0.049292
0.086565 0.001803 0.084906
0.110706 0.045602 0.055816
0.078363 -0.015799 0.074911
0.109858 0.032612 0.082636
0.123532 -0.059846 0.135728
0.142674 -0.002865 0.042208
0.155086 0.020291 0.082565
0.055699 -0.031321 0.026459
0.020934 0.032963 0.023153
0.144883 0.051993 0.089716
0.146792 0.020445 0.042544
0.129051 -0.026071 0.128625
0.035550 0.006685 0.083248
0.138361 -0.023564 0.120683
0.111537 0.033538 0.018438
0.001800 0.021205 0.017139
0.144261 0.028601 0.041446
0.125857 0.032995 0.026767
0.098549 0.045076 0.045243
0.077939 -0.031883 0.054361
0.136138 -0.006491 0.034703
0.144347 0.048915 0.075208
0.114890 0.042873 0.063646
0.103103 0.006387 0.122361
0.150260 0.019686 0.051646
0.051640 0.056750 0.039405
0.131139 -0.046036 0.114464
0.030898 0.045003 0.051439
0.067095 0.051283 0.059171
0.153714 0.040860 0.080613
0.114880 0.010385 0.118456
0.134639 0.041341 0.054708
0.130920 -0.046918 0.124491
0.021076 0.022884 0.065280
0.067058 -0.017648 0.073315
0.127101 -0.056240 0.123396
0.102869 0.005786 0.120365
0.154540 0.021063 0.079122
0.086529 -0.034183 0.047570
0.122540 0.036658 0.111201
0.137016 -0.024596 0.119727
0.113281 -0.020225 0.056250
0.148296 0.027479 0.110824
0.092041 0.034840 0.075456
0.018771 -0.005235 0.051246
0.089702 0.001349 0.120235
0.135418 -0.043054 0.129615
0.122148 0.001846 0.112542
0.034424 -0.002940 0.078646
0.006723 0.018691 0.033186
0.150034 0.019083 0.058903
0.121911 0.044511 0.040392
0.092774 0.000978 0.120961
0.021131 0.015171 0.067300
0.111053 -0.000392 0.091129
0.059231 0.044266 0.068440
0.027444 0.012165 0.076427
0.140991 0.051408 0.080438
0.072192 -0.017864 0.131125
0.071785 -0.027167 0.141061
0.066238 -0.021752 0.063033
0.130834 -0.047127 0.115562
0.123118 -0.012671 0.113057
0.099065 -0.016797 0.071336
0.127370 0.041127 0.108313
0.135347 0.032628 0.032693
0.057804 -0.032213 0.048733
0.122472 -0.017085 0.038707
0.101264 0.044287 0.037159
0.124441 -0.007234 0.083933
0.127326 -0.044645 0.133563
0.138013 -0.019188 0.122798
0.030729 0.007753 0.079537
0.139997 -0.002091 0.074972
0.087555 -0.035047 0.043261
0.120086 -0.000960 0.105891
0.138217 -0.022172 0.124273
0.057090 0.056564 0.019431
0.056862 0.053473 0.056885
0.066184 -0.032324 0.018452
0.125672 -0.004634 0.025795
0.029398 0.038248 0.063076
0.151223 0.007845 0.089418
0.091967 -0.004617 0.129621
0.145597 0.017973 0.038561
0.130777 -0.036527 0.109582
0.114227 0.019975 0.112542
0.077991 -0.020399 0.066873
0.097892 -0.001090 0.110887
0.090340 0.001476 0.120311
0.136334 -0.050683 0.139468
0.000815 0.020146 0.023830
0.035225 0.046149 0.028814
0.066458 0.037966 0.081318
0.019820 -0.003119 0.023653
0.104938 0.011307 0.090461
0.119049 0.034668 0.098715
0.131100 0.032622 0.029417
0.051391 -0.028979 0.020206
0.135780 -0.051153 0.139803
0.140958 0.035807 0.049220
0.145100 -0.001572 0.088073
0.104611 0.044798 0.046061
0.043058 -0.027168 0.037260
0.067648 0.059438 0.033490
0.092828 0.003387 0.117528
0.123243 0.035155 0.112969
0.046364 0.055399 0.035824
0.126268 0.043829 0.057147
0.090028 0.039457 0.022897
0.095900 -0.000637 0.134475
0.149411 0.022850 0.056609
0.123816 -0.059868 0.131812
0.015957 0.031258 0.021969
0.041453 0.019368 0.087279
0.106128 -0.020725 0.052281
0.112002 -0.014944 0.073552
0.101996 0.007073 0.088819
0.089594 0.044031 0.036469
0.135800 -0.050234 0.136845
0.061479 0.031230 0.087334
0.150327 0.033527 0.098249
0.048501 0.055157 0.048659
0.060669 0.059481 0.035918
0.101581 0.002541 0.130289
0.143934 0.031242 0.111767
0.015056 0.015150 0.046972
0.043053 -0.013311 0.074243
0.035001 -0.021459 0.023576
0.029069 0.043689 0.035449
0.039166 0.051692 0.041657
0.050359 0.022909 0.090125
0.126380 -0.009835 0.030395
0.122102 0.006413 0.115473
0.101030 -0.020493 0.058626
0.100560 -0.013763 0.027088
0.105812 -0.007191 0.120647
0.141870 -0.000949 0.097291
0.093564 -0.004577 0.137907
0.130347 -0.048618 0.115704
0.108853 0.006665 0.104725
0.100440 0.044790 0.042744
0.080733 -0.037369 0.035946
0.122231 0.003686 0.020299
0.089522 -0.032806 0.044155
0.109316 0.006718 0.123842
0.066782 0.058455 0.049467
0.027808 0.042498 0.052204
0.041263 -0.016217 0.065828
0.143470 0.018356 0.036390
0.036403 0.017530 0.084430
0.139632 -0.041400 0.131742
0.051360 0.008251 0.090869
0.063458 -0.019987 0.069444
0.111991 0.002658 0.098621
0.031081 0.043671 0.055542
0.129856 0.012455 0.021690
0.057363 0.058129 0.037605
0.092405 0.039706 0.020581
0.031252 0.035167 0.071012
0.114999 -0.006807 0.023125
0.128358 0.022694 0.022615
0.053378 -0.021564 0.059238
0.120556 0.035001 0.112082
0.002617 0.017295 0.031033
0.146917 0.008697 0.042414
0.062728 0.000851 0.089511
0.061855 0.052943 0.058191
0.152767 0.018738 0.074742
0.043727 -0.027099 0.045403
0.139051 -0.034557 0.130108
0.035459 0.046004 0.056931
0.065730 -0.020332 0.069357
0.009377 0.019975 0.032968
0.093401 -0.026417 0.035835
0.140405 -0.006899 0.043742
0.105777 0.026701 0.083805
0.125742 0.043014 0.038631
0.138989 -0.024175 0.123054
0.087107 -0.012869 0.142152
0.131474 -0.044746 0.113602
0.102715 0.025700 0.083808
0.042016 -0.027268 0.028423
0.150755 0.028982 0.105315
0.095528 0.003913 0.119457
0.037616 -0.023376 0.045465
0.116618 0.031174 0.109194
0.129389 -0.003000 0.117608
0.127314 -0.057465 0.140553
0.072665 -0.015616 0.074872
0.132536 -0.044926 0.127463
0.059909 -0.032513 0.025741
0.097976 0.029495 0.081691
0.143213 0.029462 0.066265
0.084654 -0.018830 0.135911
0.049055 -0.029404 0.047032
0.095496 0.043909 0.041191
0.011501 0.030288 0.024411
0.132288 0.041189 0.059729
0.090015 -0.004191 0.137032
0.123555 0.038329 0.109498
0.086714 0.028411 0.081526
0.108901 -0.002699 0.087864
0.031928 0.044529 0.054780
0.140415 -0.004235 0.039247
0.089376 -0.021299 0.063838
0.149127 0.017904 0.112006
0.142953 0.031106 0.063632
0.127166 0.052262 0.083301
0.124168 -0.059317 0.129578
0.132399 -0.006253 0.095284
0.137485 -0.021209 0.118385
0.036161 0.049675 0.042531
0.149358 0.023637 0.073085
0.127412 -0.055333 0.120938
0.151922 0.040782 0.075324
0.019230 0.029268 0.053749
0.081323 0.042270 0.069468
0.044472 0.041135 0.070656
0.021017 0.029636 0.059233
0.095323 -0.016682 0.071488
0.129888 -0.050142 0.117251
0.108228 -0.020201 0.045839
0.070754 -0.027650 0.137863
0.068898 -0.019265 0.071308
0.084480 -0.003478 0.117385
0.153099 0.018506 0.091918
0.072435 -0.014025 0.125797
0.031502 -0.010917 0.067780
0.086965 -0.001990 0.116658
0.135979 -0.026929 0.119814
0.147946 0.001518 0.088055
0.100512 -0.015650 0.031627
0.133327 -0.046774 0.130879
0.031378 0.040347 0.062137
0.037848 -0.013243 0.069444
0.085314 -0.009518 0.143548
0.101755 -0.009986 0.081942
0.062388 -0.033269 0.050744
0.130590 -0.010503 0.122299
0.052395 0.057160 0.031609
0.078484 -0.023191 0.141875
0.133459 -0.009112 0.121719
0.100346 -0.019399 0.063039
0.154868 0.025483 0.082641
0.120363 0.021813 0.115637
0.026726 0.023978 0.074413
0.121112 0.037243 0.108774
0.092796 0.031906 0.078481
0.020528 -0.005681 0.055423
0.041874 0.049656 0.052839
0.139960 0.049851 0.075386
0.076537 -0.018035 0.138228
0.132752 0.039061 0.037738
0.071964 0.047699 0.060260
0.057422 0.014119 0.091747
0.047136 0.053520 0.051568
0.043743 0.053377 0.032547
0.021194 0.034626 0.030197
0.062352 0.044001 0.071157
0.062157 -0.018186 0.072358
0.132648 -0.040732 0.111747
0.101054 0.040626 0.066408
0.123517 -0.002362 0.023031
0.137734 -0.011025 0.050349
0.129595 -0.015272 0.104878
0.117087 0.037476 0.075223
0.149691 0.013548 0.099739
0.143615 0.041148 0.070556
0.091918 -0.015198 0.073632
0.132448 0.037194 0.034235
0.080535 0.057631 0.046443
0.011683 0.031907 0.019819
0.001823 0.023086 0.024180
0.015440 0.003194 0.038232
0.127191 -0.007110 0.088923
0.069861 0.058204 0.031715
0.134640 -0.031504 0.110585
0.084977 -0.014528 0.123654
0.124523 -0.046127 0.131029
0.083611 0.055463 0.038452
0.126674 -0.016006 0.054812
0.038248 0.049439 0.049909
0.035752 -0.023265 0.029450
0.124037 -0.059789 0.133918
0.132118 0.035135 0.031948
0.072635 0.035717 0.082312
0.125185 -0.040636 0.115414
0.126157 0.002273 0.022164
0.151049 0.006596 0.081623
0.023681 0.038482 0.038767
0.097242 0.000929 0.126133
0.136003 -0.051004 0.139160
0.135575 -0.038688 0.126470
0.141465 -0.004430 0.041755
0.135187 -0.014637 0.107884
0.130469 -0.013102 0.123637
0.107130 0.045099 0.054209
0.046240 -0.004985 0.084171
0.077280 -0.019444 0.146423
0.080669 -0.022191 0.061765
0.146842 0.024779 0.063752
0.133142 -0.034490 0.109530
0.129326 -0.051676 0.121552
0.043862 0.052298 0.047749
0.106420 0.009131 0.116752
0.079144 -0.016911 0.146833
0.086411 0.045714 0.058306
0.080373 -0.034094 0.051694
0.089178 -0.015252 0.137239
0.130328 -0.050402 0.127795
0.134347 -0.035839 0.122793
0.136303 -0.017256 0.124395
0.134655 -0.029925 0.112423
0.133068 -0.035745 0.118920
0.134160 -0.052425 0.140453
0.113226 -0.003467 0.088189
0.127526 -0.055795 0.125971
0.098565 -0.007391 0.083196
0.090054 -0.020292 0.015706
0.094668 0.041983 0.027039
0.019033 -0.003605 0.017562
0.045295 -0.027134 0.017861
0.128911 -0.056392 0.141072
0.147337 0.048292 0.092434
0.093154 -0.002711 0.136876
0.142778 0.000749 0.068588
0.115971 -0.013098 0.030089
0.042834 -0.025454 0.048952
0.088149 0.048621 0.039091
0.093095 -0.017215 0.024748
0.034914 0.040711 0.064915
0.133174 -0.002990 0.118682
0.036432 0.047846 0.054076
0.135271 -0.011795 0.057070
0.138729 0.022785 0.031205
0.139180 -0.028803 0.125696
0.124591 0.027421 0.023361
0.068457 -0.000187 0.088406
0.060810 0.045299 0.064235
0.083327 -0.036941 0.040586
0.102636 -0.001625 0.087283
0.077915 -0.006109 0.082457
0.126744 -0.057698 0.140473
0.067371 -0.009784 0.082598
0.130071 -0.049295 0.122262
0.150007 0.015448 0.059242
0.149201 0.027501 0.109993
0.001255 0.015227 0.016432
0.017634 0.026836 0.051369
0.098805 0.002408 0.124707
0.028918 -0.005913 0.071470
0.022862 0.028092 0.065904
0.006375 0.029304 0.022084
0.134267 0.054756 0.083142
0.117901 -0.017931 0.061289
0.134489 -0.026180 0.115282
0.108895 0.002905 0.092072
0.115846 0.004892 0.121000
0.133644 -0.032177 0.117999
0.103667 -0.005345 0.086048
0.139140 -0.037154 0.131353
0.145847 0.050861 0.083593
0.088383 -0.008237 0.117162
0.149641 0.033989 0.073645
0.126904 0.005023 0.114870
0.149800 0.009665 0.096127
0.112314 0.037322 0.072930
0.098909 0.002075 0.087561
0.048923 -0.024871 0.055232
0.043589 -0.027246 0.024720
0.137956 -0.048746 0.137052
0.129771 0.049456 0.093448
0.105985 0.006771 0.124361
0.141747 0.051934 0.094301
0.099298 -0.007703 0.133592
0.148681 0.020275 0.047558
0.089074 -0.014304 0.139259
0.071517 -0.027853 0.139637
0.144487 -0.000512 0.062328
0.139136 -0.026348 0.124430
0.119093 0.012270 0.018096
0.019461 -0.005771 0.037011
0.069908 -0.024811 0.132127
0.099167 0.002437 0.122726
0.139825 -0.034395 0.127840
0.087887 0.039682 0.019061
0.097882 -0.000747 0.133886
0.064596 0.035353 0.084056
0.149717 0.047081 0.086160
0.103849 0.001987 0.129749
0.000826 0.012865 0.028493
0.052124 -0.017732 0.071853
0.094492 -0.022038 0.054823
0.146087 0.002220 0.044361
0.145809 0.033792 0.071765
0.016376 0.000017 0.043929
0.128287 -0.053604 0.119622
0.144678 -0.002885 0.049445
0.105279 0.040792 0.018552
0.037809 -0.008024 0.077350
0.063563 0.007424 0.090874
0.131187 -0.007981 0.032095
0.103434 -0.004711 0.111883
0.091626 -0.005350 0.139196
0.081886 -0.018218 0.070986
0.077367 -0.021311 0.146385
0.080983 -0.010500 0.127604
0.150077 0.044201 0.074726
0.154925 0.023959 0.086254
0.082895 -0.013445 0.145206
0.120046 -0.018489 0.055028
0.104140 0.043040 0.062451
0.015936 0.018726 0.051741
0.030179 0.042843 0.028647
0.127619 -0.057996 0.139056
0.080913 0.056341 0.037176
0.068544 -0.030096 0.056201
0.125627 -0.058276 0.139914
0.122254 -0.000472 0.109558
0.108277 0.026101 0.091181
0.061687 -0.033896 0.033368
0.136495 -0.045503 0.137754
0.003990 0.025008 0.016321
0.122777 -0.017610 0.115812
0.149125 0.008550 0.056880
0.144149 -0.001566 0.043672
0.074991 -0.034787 0.022009
0.046890 0.040490 0.072436
0.060911 -0.032369 0.023033
0.129397 -0.051742 0.119213
0.060009 -0.018699 0.069888
0.084718 -0.010517 0.136893
0.002690 0.005269 0.025420
0.129248 -0.052216 0.120051
0.113525 0.024414 0.102973
0.033619 0.044399 0.019112
0.092755 0.002970 0.119938
0.050329 0.053342 0.053848
0.130701 0.043496 0.051949
0.063907 -0.024001 0.059265
0.109406 0.002423 0.126452
0.014359 0.009167 0.036984
0.135540 0.031365 0.114290
0.128353 0.046266 0.073047
0.130260 -0.015131 0.049970
0.120271 -0.018494 0.049969
0.044858 -0.015618 0.070416
0.139851 -0.034798 0.127975
0.017902 0.029358 0.044539
0.006496 0.023729 0.030944
0.119211 -0.005215 0.089687
0.071490 -0.024881 0.139585
0.137867 -0.016408 0.116188
0.123628 -0.017196 0.053390
0.065338 0.058128 0.028349
0.099191 0.026589 0.083785
0.140544 -0.007966 0.054403
0.106126 0.016542 0.091692
0.073969 0.058428 0.047994
0.087769 -0.004221 0.123871
0.126426 -0.025567 0.126320
0.153647 0.028611 0.080978
0.132911 0.040433 0.069327
0.039636 0.052202 0.038714
0.138097 -0.014158 0.118950
0.094457 -0.003788 0.137134
0.049823 -0.017747 0.068999
0.121005 0.043939 0.037359
0.085537 0.039606 0.071486
0.030233 -0.017952 0.026229
0.131761 -0.017085 0.105342
0.075858 0.053764 0.055812
0.009197 0.030299 0.015713
0.022322 -0.009588 0.052557
0.032057 0.044822 0.033238
0.103999 -0.008225 0.084004
0.055303 0.045162 0.064243
0.106591 0.027977 0.083569
0.040322 -0.025952 0.025827
0.017491 0.011382 0.059850
0.034101 0.029404 0.079448
0.147381 0.008114 0.064468
0.139305 -0.029417 0.124524
0.031092 0.038085 0.065947
0.096802 0.040483 0.016368
0.120481 0.036259 0.102414
0.019138 0.026026 0.058380
0.046683 0.021909 0.089214
0.026071 0.041106 0.040134
0.141783 0.009464 0.032979
0.103099 0.035279 0.075199
0.097353 0.002146 0.128745
0.080690 0.054854 0.032764
0.072963 -0.031715 0.054966
0.008559 -0.001296 0.016268
0.145404 0.003556 0.065444
0.090469 0.009824 0.085899
0.126299 -0.016533 0.040914
0.060266 0.056855 0.019910
0.149132 0.013636 0.047277
0.072466 -0.033150 0.017686
0.065388 -0.016161 0.074812
0.127326 -0.022035 0.106890
0.031574 0.046014 0.040969
0.024805 -0.013531 0.050983
0.020049 -0.000107 0.061436
0.067725 -0.035424 0.033894
0.146034 0.029228 0.071991
0.039922 0.050284 0.028344
0.128510 -0.053523 0.120267
0.066562 -0.019689 0.070660
0.060954 -0.017229 0.074207
0.126513 0.041676 0.072556
0.136344 -0.011423 0.121261
0.035551 0.048114 0.034196
0.087155 0.051076 0.046847
0.075637 -0.036982 0.046118
0.083272 0.047331 0.056884
0.025262 -0.013128 0.026305
0.128692 -0.053284 0.122603
0.141705 0.034641 0.056986
0.033842 0.045208 0.025837
0.103093 0.028409 0.082049
0.122226 -0.003099 0.105526
0.079076 -0.014197 0.132085
0.133999 -0.052550 0.140515
0.116717 -0.003056 0.095565
0.134661 -0.000916 0.116988
0.055818 0.038642 0.079634
0.084561 -0.009462 0.140185
0.142370 -0.004968 0.057171
0.075663 -0.023924 0.145657
0.154237 0.016274 0.086915
0.145006 0.050287 0.093330
0.077920 -0.018687 0.147116
0.141707 0.034501 0.044751
0.111339 -0.017522 0.037796
0.107230 -0.013184 0.077890
0.132815 -0.029336 0.108446
0.060050 -0.032643 0.029253
0.084381 -0.010398 0.130288
0.122694 -0.009887 0.076568
0.131748 0.039377 0.067997
0.048420 -0.029744 0.033121
0.096291 0.042989 0.030403
0.111124 0.008259 0.121579
0.002083 0.022866 0.026609
0.147475 0.048958 0.078275
0.131531 0.043036 0.045901
0.015147 0.032836 0.019108
0.150126 0.036958 0.098841
0.062923 0.040438 0.078335
0.077971 -0.018552 0.147144
0.087926 -0.007045 0.141476
0.132220 0.053200 0.088308
0.129054 -0.009006 0.120740
0.033388 0.032889 0.075861
0.087302 -0.008362 0.134904
0.131998 -0.014240 0.104602
0.027571 0.040610 0.020218
0.132416 -0.053785 0.141128
0.107664 -0.005827 0.122584
0.044918 -0.028412 0.028493
0.137208 -0.036127 0.132240
0.065501 -0.018171 0.072837
0.146125 -0.000362 0.049243
0.065268 -0.028464 0.057075
0.137543 -0.048424 0.137991
0.135118 -0.031821 0.121497
0.070954 -0.018181 0.071782
0.085039 -0.001808 0.121438
0.135120 -0.028661 0.111129
0.077502 0.055435 0.028518
0.139318 -0.039008 0.132238
0.124899 -0.058898 0.137835
0.142969 -0.000110 0.040062
0.127705 0.041820 0.062924
0.147744 0.023916 0.046657
0.137301 -0.007561 0.038597
0.141231 -0.004631 0.041630
0.139519 -0.039367 0.131486
0.015128 -0.003494 0.018538
0.010027 0.031567 0.019594
0.022604 0.035989 0.024193
0.039852 -0.021249 0.055393
0.060763 -0.025732 0.058130
0.087516 -0.007184 0.136674
0.092711 -0.014295 0.019369
0.138400 -0.046134 0.134530
0.054470 0.057691 0.042248
0.033931 -0.022181 0.033102
0.142595 0.035330 0.070144
0.113672 -0.006434 0.018180
0.133341 -0.013383 0.042035
0.152019 0.019469 0.101215
0.022171 -0.012220 0.044040
0.130193 0.015267 0.116213
0.122765 0.039244 0.073590
0.111635 0.042602 0.063675
0.114923 0.045455 0.055014
0.027186 0.006380 0.075771
0.076287 -0.037490 0.040384
0.096022 -0.002291 0.135564
0.078328 -0.035586 0.024995
0.040617 -0.025522 0.020821
0.103490 -0.021008 0.054280
0.146582 0.006180 0.071196
0.095450 -0.005829 0.113821
0.001586 0.022400 0.021175
0.083635 0.045264 0.062152
0.119827 0.002336 0.115371
0.147187 0.027992 0.051438
0.017253 0.032614 0.018964
0.124197 -0.016842 0.119670
0.139243 0.050226 0.098666
0.138750 -0.028280 0.126975
0.095126 -0.023383 0.042951
0.116874 0.032250 0.104014
0.084332 -0.001317 0.120095
0.126785 -0.036924 0.112046
0.053730 0.040342 0.076391
0.139384 -0.008873 0.046711
0.011210 0.020843 0.032418
0.043325 0.036242 0.079069
0.013699 0.005770 0.033077
0.115273 0.014979 0.114977
0.149863 0.013088 0.055947
0.112875 0.000110 0.095641
0.040015 0.042648 0.066068
0.030416 -0.015477 0.056421
0.118000 0.003177 0.117952
0.026575 0.018177 0.075149
0.127580 0.050059 0.087747
0.117236 0.018019 0.017817
0.039161 -0.011174 0.074792
0.098260 -0.021963 0.048469
0.054009 0.018393 0.091376
0.024341 -0.014685 0.046417
0.048593 0.055991 0.038454
0.125019 -0.059437 0.133149
0.035283 0.038273 0.070095
0.131648 -0.031381 0.131515
0.075270 0.058516 0.041775
0.124315 -0.059352 0.130041
0.150198 0.016730 0.050777
0.129318 -0.032507 0.130887
0.115043 0.046620 0.044229
0.130323 -0.027975 0.107645
0.113311 0.013591 0.114839
0.151004 0.015848 0.109950
0.134784 -0.010680 0.039097
0.075738 -0.027435 0.056993
0.071645 0.059082 0.039342
0.007641 0.029217 0.024800
0.114558 -0.008996 0.081544
0.059580 -0.011863 0.080493
0.118995 0.034803 0.107082
0.092086 -0.004059 0.138087
0.083106 0.051187 0.030991
0.000619 0.011255 0.025880
0.146501 -0.000777 0.083436
0.105003 0.038726 0.070948
0.077795 -0.016105 0.124699
0.029183 0.040185 0.059578
0.133306 0.016517 0.024452
0.024557 0.039492 0.042881
0.107487 -0.005840 0.116790
0.049905 0.055392 0.025219
0.154058 0.028429 0.085460
0.111615 0.034369 0.078287
0.132768 0.020642 0.024676
0.014191 0.016585 0.036858
0.102902 -0.002873 0.132258
0.003505 0.008557 0.030444
0.096137 0.004433 0.116614
0.098668 0.002060 0.131270
0.141140 0.053661 0.085392
0.079966 -0.017443 0.146827
0.015359 0.033583 0.016352
0.079417 -0.018740 0.147062
0.074354 0.055606 0.023662
0.137365 -0.005174 0.116129
0.138893 0.007922 0.030585
0.117597 0.013923 0.115922
0.025187 0.000180 0.070660
0.133346 -0.052453 0.136839
0.135127 -0.009568 0.106286
0.103656 -0.011104 0.020495
0.073863 -0.022452 0.142255
0.105160 -0.002036 0.109177
0.029929 0.041091 0.059203
0.145857 0.024473 0.069430
0.058038 0.027274 0.089486
0.042314 0.053625 0.035281
0.016255 0.025904 0.040725
0.143233 0.003787 0.036719
0.070797 -0.019125 0.130078
0.086481 -0.030223 0.023544
0.108584 0.042133 0.064889
0.003004 0.024979 0.019929
0.060572 0.057216 0.051893
0.129803 0.043035 0.057465
0.088279 -0.007091 0.141473
0.134257 -0.028521 0.117449
0.151147 0.008659 0.092605
0.138885 -0.021877 0.120584
0.090490 0.044522 0.039243
0.108222 0.030524 0.081291
0.100200 0.004181 0.110708
0.101014 -0.018689 0.040755
0.121789 0.026464 0.115368
0.074224 -0.029770 0.056139
0.142782 -0.004530 0.046801
0.093065 -0.027937 0.041202
0.125884 -0.015281 0.062354
0.114067 -0.019976 0.043426
0.048163 0.053574 0.022429
0.075585 -0.033917 0.052469
0.121454 0.005867 0.019682
0.131490 0.043205 0.054193
0.119612 0.029780 0.114038
0.092458 -0.013994 0.133369
0.135997 -0.014546 0.123201
0.122933 -0.028733 0.115032
0.139969 -0.003245 0.036676
0.152001 0.023602 0.106601
0.025511 0.040802 0.049929
0.131451 -0.023931 0.128867
0.120129 0.042029 0.086977
0.096774 -0.012970 0.025127
0.072334 -0.003417 0.086133
0.122992 -0.017976 0.112118
0.076851 -0.021473 0.146505
0.118446 0.018427 0.115489
0.099265 -0.006262 0.134659
0.058943 0.004483 0.090823
0.136321 -0.034791 0.124510
0.144111 0.002117 0.073119
0.136959 -0.031102 0.122994
0.075671 -0.037066 0.036143
0.097167 0.045168 0.054864
0.149934 0.047616 0.080240
0.124452 -0.017374 0.044746
0.148043 0.023318 0.071868
0.036331 -0.022825 0.020497
0.008833 0.025299 0.029958
0.030840 0.040923 0.015819
0.154045 0.014101 0.080822
0.130693 -0.055070 0.141135
0.084684 -0.014140 0.075194
0.109499 0.003662 0.125804
0.137177 -0.039540 0.128281
0.136454 -0.005446 0.117441
0.141021 0.005494 0.033159
0.137432 -0.016321 0.115428
0.063065 0.059307 0.031703
0.071193 -0.027843 0.057472
0.100124 -0.009272 0.130414
0.097747 0.040638 0.065477
0.094848 -0.001641 0.124712
0.038415 0.047322 0.016895
0.124386 -0.059740 0.132043
0.127189 0.039897 0.070778
0.139454 -0.041864 0.132909
0.033478 -0.021067 0.043331
0.011632 0.003850 0.029128
0.048584 -0.028016 0.018955
0.140592 0.033085 0.065415
0.135378 -0.002270 0.117156
0.029598 -0.018521 0.034476
0.079366 0.047843 0.057952
0.085232 -0.018158 0.131523
0.150989 0.044528 0.076685
0.122626 0.031795 0.114284
0.079815 0.050697 0.020108
0.127354 -0.055476 0.121194
0.132483 -0.039504 0.116311
0.066885 0.048039 0.060701
0.139053 -0.024451 0.122226
0.117354 -0.017567 0.037357
0.150262 0.031955 0.101025
0.105129 0.007812 0.121004
0.097237 0.041579 0.020853
0.070206 0.058999 0.035926
0.102181 -0.012349 0.078430
0.131018 -0.051371 0.140620
0.110647 -0.003064 0.122454
0.124951 -0.058960 0.129617
0.140407 0.026207 0.114594
0.046127 0.009471 0.089463
0.048154 -0.000853 0.087383
0.021960 0.036098 0.045904
0.148105 0.032012 0.108085
0.096381 0.000883 0.132226
0.087853 -0.000054 0.120714
0.129953 -0.049823 0.119836
0.128346 -0.053924 0.124980
0.138442 -0.016047 0.117319
0.112116 0.032586 0.019743
0.087033 -0.006659 0.139936
0.015623 0.001342 0.027284
0.020080 -0.006888 0.031065
0.035134 -0.016330 0.062046
0.126554 -0.016771 0.049152
0.151201 0.028163 0.103541
0.081477 -0.012667 0.142500
0.123828 -0.040514 0.126792
0.137251 -0.004040 0.099117
0.109534 0.009292 0.120404
0.106963 0.013056 0.092665
0.050083 0.056220 0.045145
0.152553 0.013938 0.091972
0.129209 -0.056171 0.141086
0.071258 -0.027465 0.140068
0.086996 0.045383 0.032183
0.110236 0.007388 0.102143
0.137703 -0.014075 0.115270
0.136282 -0.023440 0.127456
0.124041 0.045345 0.043551
0.138458 -0.033605 0.125460
0.049428 0.046522 0.064394
0.131410 0.046678 0.102700
0.136676 -0.015231 0.123070
0.151223 0.023330 0.096483
0.109858 0.028978 0.091664
0.030268 -0.014468 0.015431
0.124474 -0.007924 0.114553
0.065204 -0.020931 0.066629
0.127221 -0.003560 0.116210
0.079461 -0.015358 0.136900
0.127659 -0.014202 0.035750
0.036208 0.035611 0.074965
0.115943 0.003039 0.120921
0.090280 -0.004777 0.139262
0.069985 -0.036636 0.044299
0.024375 -0.009738 0.057235
0.016388 0.023942 0.049756
0.075797 -0.025075 0.137741
0.141637 -0.000483 0.036694
0.001468 0.010626 0.028435
0.149916 0.012806 0.051789
0.051538 0.038315 0.079114
0.082469 -0.016729 0.144744
0.126155 -0.011060 0.119144
0.103072 -0.016569 0.034490
0.114282 0.003812 0.122510
0.091314 0.001411 0.120595
0.015599 0.003244 0.042791
0.076755 -0.001997 0.085408
0.050309 0.056554 0.035395
0.139318 -0.039008 0.132238
0.136999 -0.008317 0.118200
0.136527 -0.016586 0.110138
0.124087 -0.019139 0.108971
0.139893 0.011314 0.114758
0.100738 0.041351 0.015850
0.038206 -0.000937 0.082369
0.069862 -0.022734 0.132670
0.122716 -0.015031 0.066951
0.149503 0.010244 0.048744
0.085484 0.024426 0.083702
0.141798 -0.006675 0.051025
0.133759 0.018804 0.025122
0.130290 -0.014496 0.040192
0.098353 0.044581 0.040198
0.136325 -0.019549 0.111688
0.087294 0.040823 0.022223
0.063178 0.057072 0.020895
0.141436 0.051656 0.081798
0.112320 0.017252 0.107471
0.126821 -0.057436 0.128840
0.142043 -0.003663 0.086501
0.087787 -0.017096 0.133535
0.076318 0.018335 0.088682
0.140934 0.017307 0.031761
0.131270 -0.045554 0.121427
0.089029 -0.007472 0.080866
0.145025 0.029289 0.061885
0.023036 0.006157 0.069955
0.136423 -0.042771 0.136464
0.147268 0.003311 0.056089
0.110823 0.001159 0.125638
0.014910 0.031582 0.022029
0.123582 -0.044514 0.121195
0.147529 0.005427 0.045575
0.075539 0.044032 0.067705
0.132218 0.023354 0.025573
0.125469 0.032730 0.114166
0.152362 0.020826 0.104367
0.091055 -0.010696 0.139567
0.108042 0.040663 0.068303
0.134297 -0.017747 0.107596
0.082827 -0.012618 0.135140
0.131266 -0.045726 0.116873
0.149783 0.036468 0.101093
0.044962 0.052633 0.025585
0.069177 0.056269 0.019465
0.003073 0.025737 0.021614
0.123715 -0.059879 0.133947
0.130651 -0.047504 0.119372
0.065304 0.012347 0.091023
0.026494 -0.012627 0.054688
0.000347 0.011243 0.023501
0.098458 -0.013980 0.075527
0.024545 0.038695 0.025006
0.119745 0.046345 0.047559
0.147718 0.026406 0.049328
0.132096 -0.041545 0.120147
0.116191 -0.005677 0.084883
0.097248 0.042891 0.026931
0.129542 0.044453 0.104957
0.074102 -0.036166 0.028365
0.107056 -0.010944 0.021038
0.135565 -0.012480 0.043955
0.139752 -0.039737 0.130583
0.153304 0.043273 0.081113
0.033778 -0.020668 0.048519
0.131872 0.054687 0.083218
0.027043 0.040814 0.025253
0.120354 -0.007450 0.026153
0.046240 0.051777 0.019078
0.093108 0.028257 0.081362
0.133085 -0.019341 0.106683
0.149386 0.016481 0.047900
0.136424 0.012257 0.027249
0.150214 0.028646 0.098665
0.063573 -0.021516 0.062296
0.057885 0.057572 0.021704
0.121355 -0.017192 0.058505
0.112388 0.003125 0.124209
0.017223 0.003109 0.056517
0.145540 -0.000565 0.057080
0.107726 0.034516 0.075863
0.026573 -0.015445 0.037529
0.115918 0.002221 0.120463
0.126409 -0.040122 0.130716
0.125627 -0.059275 0.135171
0.123660 -0.047095 0.130106
0.145826 0.049702 0.077412
0.088917 -0.008461 0.141180
0.129761 0.053793 0.083768
0.134093 -0.031246 0.113841
0.088393 -0.031599 0.048723
0.117389 0.024949 0.020121
0.016811 -0.000465 0.050343
0.132759 -0.039708 0.134883
0.029042 -0.017858 0.040559
0.093014 0.041899 0.031138
0.081531 0.024757 0.085037
0.046652 0.034428 0.082694
0.084009 -0.018599 0.139570
0.127370 0.045345 0.049722
0.112428 0.040714 0.030802
0.093128 -0.024396 0.046980
0.125438 -0.010954 0.072878
0.107659 0.004191 0.126517
0.040856 -0.025527 0.016635
0.135780 -0.005301 0.095346
0.138714 -0.021937 0.121936
0.126941 -0.056187 0.122823
0.141105 0.040796 0.107486
0.100140 -0.010734 0.123478
0.138518 0.052535 0.077939
0.018835 -0.001405 0.056492
0.046940 0.051294 0.055104
0.015839 0.028567 0.026457
0.030453 0.042567 0.021116
0.117601 0.043113 0.034431
0.065381 0.057005 0.053939
0.108661 0.011689 0.112239
0.104854 0.005462 0.126288
0.122482 0.037509 0.097896
0.135034 0.018458 0.026431
0.003611 0.020921 0.030571
0.133172 -0.039328 0.111901
0.033476 -0.006309 0.075176
0.107301 -0.013301 0.027619
0.133733 0.048264 0.101519
0.104312 0.041625 0.066461
0.129285 0.040175 0.109724
0.087007 -0.008132 0.142363
0.015973 0.024907 0.034251
0.129334 -0.051613 0.122134
0.081959 -0.024755 0.056589
0.082231 -0.034645 0.026008
0.115037 0.000112 0.102926
0.148631 0.036734 0.103939
0.135406 -0.043198 0.136786
0.125794 0.038268 0.110921
0.029590 -0.015581 0.019343
0.072037 -0.016032 0.128586
