Filtered Indices Below Cutoff
0
15
16
17
20
21
22
23
24
25
26
27
28
30
31
32
33
34
36
38
39
40
41
42
43
45
47
48
49
50
51
52
54
55
57
58
59
60
62
63
64
66
67
68
69
71
72
73
74
75
76
77
78
79
80
81
82
83
84
85
86
87
89
90
91
92
93
94
95
96
97
99
101
102
103
104
105
106
108
109
110
111
112
113
114
116
117
118
119
120
121
122
123
127
128
129
131
132
134
135
136
137
138
139
140
141
143
144
145
146
147
148
149
150
151
152
153
154
155
156
157
158
159
160
162
163
164
166
167
168
169
170
171
173
174
175
176
177
178
179
181
182
184
185
186
187
188
189
190
191
193
194
195
196
197
198
199
200
201
202
203
204
205
208
209
210
211
213
214
215
219
220
222
224
227
229
230
231
233
234
235
236
237
238
239
240
241
243
245
247
249
250
251
252
253
256
257
258
259
260
261
262
263
264
265
267
268
269
270
1
2
3
4
5
6
7
8
9
10
11
12
14
271
273
274
275
278
279
281
282
283
284
285
286
287
288
289
290
291
292
293
294
295
297
298
299
300
301
302
303
304
307
308
309
310
311
312
314
316
318
319
320
321
322
323
324
325
327
329
330
331
332
334
335
336
337
338
339
340
342
343
344
345
346
348
349
350
351
353
354
355
356
357
358
359
360
362
363
364
365
367
368
369
370
371
372
373
374
375
377
378
380
381
382
383
384
386
387
388
389
390
391
392
393
394
396
397
398
399
400
401
402
403
406
409
410
411
412
413
414
415
416
417
418
419
420
421
422
423
424
425
427
428
429
430
431
432
433
434
436
437
438
439
440
441
442
445
446
447
448
449
450
451
452
453
454
455
458
459
461
462
464
465
466
468
469
470
471
472
473
475
476
477
478
479
481
482
483
484
485
486
487
488
489
490
491
492
496
497
498
499
501
502
503
504
505
506
507
508
509
510
511
512
513
514
515
517
518
519
520
521
523
525
526
527
528
529
530
531
534
535
536
537
538
539
540
541
543
544
545
546
548
549
551
552
553
554
555
557
558
559
560
561
562
563
564
565
566
567
569
570
571
572
573
574
576
577
578
580
581
585
586
587
588
589
590
591
592
593
594
596
598
599
600
601
605
606
607
608
609
611
612
613
614
615
616
618
619
620
621
623
624
625
626
627
